insert				delete		
load factor (a)	actual probes	expected probes		load factor (a)	actual probes	expected probes
0.01	0	1.01		19.85	19.46958637	20.85
0.02	0.0105	1.02		19.86	19.5751634	20.86
0.03	0.0225	1.03		19.87	19.82055811	20.87
0.04	0.0285	1.04		19.88	19.85089761	20.88
0.05	0.0365	1.05		19.89	19.81663816	20.89
0.06	0.0475	1.06		19.9	19.92709038	20.9
0.07	0.066	1.07		19.91	19.87328246	20.91
0.08	0.0605	1.08		19.92	19.87486196	20.92
0.09	0.0735	1.09		19.93	19.89109791	20.93
0.1	0.0915	1.1		19.94	19.91274567	20.94
0.11	0.092	1.11		19.95	19.92190623	20.95
0.12	0.104447776	1.12		19.96	19.93973797	20.96
0.13	0.125	1.13		19.97	19.94436051	20.97
0.14	0.1275	1.14		19.98	19.95793402	20.98
0.15	0.1515	1.15		19.99	19.98998146	20.99
0.16	0.145	1.16		20	20.00771755	21
0.17	0.162	1.17				
0.18	0.1625	1.18				
0.19	0.182	1.19				
0.2	0.194	1.2				
0.21	0.204	1.21				
0.22	0.2075	1.22				
0.23	0.2405	1.23				
0.24	0.229	1.24				
0.25	0.234	1.25				
0.26	0.2335	1.26				
0.27	0.2485	1.27				
0.28	0.2705	1.28				
0.29	0.2795	1.29				
0.3	0.277	1.3				
0.31	0.296	1.31				
0.32	0.3055	1.32				
0.33	0.3065	1.33				
0.34	0.369	1.34				
0.35	0.34	1.35				
0.36	0.3445	1.36				
0.37	0.3865	1.37				
0.38	0.366816592	1.38				
0.39	0.383	1.39				
0.4	0.377	1.4				
0.41	0.3805	1.41				
0.42	0.4345	1.42				
0.43	0.426	1.43				
0.44	0.433783108	1.44				
0.45	0.433	1.45				
0.46	0.456	1.46				
0.47	0.4335	1.47				
0.48	0.469	1.48				
0.49	0.4815	1.49				
0.5	0.545	1.5				
0.51	0.4745	1.51				
0.52	0.5465	1.52				
0.53	0.5205	1.53				
0.54	0.523	1.54				
0.55	0.538	1.55				
0.56	0.547726137	1.56				
0.57	0.5515	1.57				
0.58	0.5755	1.58				
0.59	0.576711644	1.59				
0.6	0.591	1.6				
0.61	0.627	1.61				
0.62	0.596701649	1.62				
0.63	0.6405	1.63				
0.64	0.623	1.64				
0.65	0.6625	1.65				
0.66	0.639	1.66				
0.67	0.629	1.67				
0.68	0.6755	1.68				
0.69	0.6835	1.69				
0.7	0.6985	1.7				
0.71	0.6685	1.71				
0.72	0.725	1.72				
0.73	0.7085	1.73				
0.74	0.707146427	1.74				
0.75	0.7475	1.75				
0.76	0.7875	1.76				
0.77	0.748	1.77				
0.78	0.785	1.78				
0.79	0.7815	1.79				
0.8	0.768615692	1.8				
0.81	0.7835	1.81				
0.82	0.818090955	1.82				
0.83	0.824	1.83				
0.84	0.8155	1.84				
0.85	0.820089955	1.85				
0.86	0.886556722	1.86				
0.87	0.8665	1.87				
0.88	0.8855	1.88				
0.89	0.892553723	1.89				
0.9	0.941	1.9				
0.91	0.928	1.91				
0.92	0.923	1.92				
0.93	0.926	1.93				
0.94	0.9195	1.94				
0.95	0.9015	1.95				
0.96	0.927	1.96				
0.97	0.97	1.97				
0.98	1.005997001	1.98				
0.99	0.9785	1.99				
1	0.9985	2				
1.01	1.019	2.01				
1.02	1.0055	2.02				
1.03	1.041	2.03				
1.04	1.033	2.04				
1.05	1.0985	2.05				
1.06	1.028	2.06				
1.07	1.0375	2.07				
1.08	1.0985	2.08				
1.09	1.045	2.09				
1.1	1.111944028	2.1				
1.11	1.121	2.11				
1.12	1.085	2.12				
1.13	1.106	2.13				
1.14	1.1355	2.14				
1.15	1.143356643	2.15				
1.16	1.144	2.16				
1.17	1.18	2.17				
1.18	1.1625	2.18				
1.19	1.1795	2.19				
1.2	1.157921039	2.2				
1.21	1.1965	2.21				
1.22	1.208	2.22				
1.23	1.235382309	2.23				
1.24	1.197	2.24				
1.25	1.227	2.25				
1.26	1.262868566	2.26				
1.27	1.2595	2.27				
1.28	1.2545	2.28				
1.29	1.2665	2.29				
1.3	1.293353323	2.3				
1.31	1.27	2.31				
1.32	1.2975	2.32				
1.33	1.307	2.33				
1.34	1.346	2.34				
1.35	1.3465	2.35				
1.36	1.371	2.36				
1.37	1.347	2.37				
1.38	1.318	2.38				
1.39	1.392	2.39				
1.4	1.399	2.4				
1.41	1.419	2.41				
1.42	1.4005	2.42				
1.43	1.408795602	2.43				
1.44	1.385307346	2.44				
1.45	1.4355	2.45				
1.46	1.4395	2.46				
1.47	1.461	2.47				
1.48	1.425	2.48				
1.49	1.538730635	2.49				
1.5	1.505	2.5				
1.51	1.48025987	2.51				
1.52	1.55972014	2.52				
1.53	1.539230385	2.53				
1.54	1.5455	2.54				
1.55	1.558	2.55				
1.56	1.524237881	2.56				
1.57	1.544	2.57				
1.58	1.5805	2.58				
1.59	1.556221889	2.59				
1.6	1.609195402	2.6				
1.61	1.631	2.61				
1.62	1.6405	2.62				
1.63	1.5905	2.63				
1.64	1.6025	2.64				
1.65	1.64017991	2.65				
1.66	1.675824176	2.66				
1.67	1.6335	2.67				
1.68	1.6715	2.68				
1.69	1.701	2.69				
1.7	1.6995	2.7				
1.71	1.741629185	2.71				
1.72	1.7615	2.72				
1.73	1.683158421	2.73				
1.74	1.733	2.74				
1.75	1.7705	2.75				
1.76	1.715784216	2.76				
1.77	1.7665	2.77				
1.78	1.7675	2.78				
1.79	1.775112444	2.79				
1.8	1.8625	2.8				
1.81	1.813	2.81				
1.82	1.817591204	2.82				
1.83	1.8985	2.83				
1.84	1.883	2.84				
1.85	1.826586707	2.85				
1.86	1.845	2.86				
1.87	1.91	2.87				
1.88	1.844	2.88				
1.89	1.847576212	2.89				
1.9	1.9285	2.9				
1.91	1.909	2.91				
1.92	1.877	2.92				
1.93	1.922038981	2.93				
1.94	1.919	2.94				
1.95	1.947	2.95				
1.96	1.9335	2.96				
1.97	1.903048476	2.97				
1.98	1.994	2.98				
1.99	1.929	2.99				
2	2.051974013	3				
2.01	2.0245	3.01				
2.02	2.0235	3.02				
2.03	2.019	3.03				
2.04	2.006496752	3.04				
2.05	2.035	3.05				
2.06	2.1135	3.06				
2.07	2.044477761	3.07				
2.08	2.060969515	3.08				
2.09	2.062468766	3.09				
2.1	2.0915	3.1				
2.11	2.085	3.11				
2.12	2.128	3.12				
2.13	2.193306693	3.13				
2.14	2.1245	3.14				
2.15	2.1905	3.15				
2.16	2.166	3.16				
2.17	2.24	3.17				
2.18	2.143	3.18				
2.19	2.1135	3.19				
2.2	2.1685	3.2				
2.21	2.2095	3.21				
2.22	2.229	3.22				
2.23	2.2305	3.23				
2.24	2.262	3.24				
2.25	2.272	3.25				
2.26	2.2495	3.26				
2.27	2.232883558	3.27				
2.28	2.220889555	3.28				
2.29	2.324	3.29				
2.3	2.294352824	3.3				
2.31	2.286856572	3.31				
2.32	2.3455	3.32				
2.33	2.3015	3.33				
2.34	2.349	3.34				
2.35	2.314842579	3.35				
2.36	2.377	3.36				
2.37	2.2865	3.37				
2.38	2.363	3.38				
2.39	2.3425	3.39				
2.4	2.405	3.4				
2.41	2.345827086	3.41				
2.42	2.403298351	3.42				
2.43	2.3825	3.43				
2.44	2.369	3.44				
2.45	2.429285357	3.45				
2.46	2.472263868	3.46				
2.47	2.524	3.47				
2.48	2.392303848	3.48				
2.49	2.455772114	3.49				
2.5	2.441	3.5				
2.51	2.508	3.51				
2.52	2.494	3.52				
2.53	2.5475	3.53				
2.54	2.542	3.54				
2.55	2.569	3.55				
2.56	2.537	3.56				
2.57	2.6011994	3.57				
2.58	2.602897103	3.58				
2.59	2.587706147	3.59				
2.6	2.541	3.6				
2.61	2.612	3.61				
2.62	2.581418581	3.62				
2.63	2.6795	3.63				
2.64	2.5525	3.64				
2.65	2.626	3.65				
2.66	2.669	3.66				
2.67	2.708	3.67				
2.68	2.664335664	3.68				
2.69	2.673163418	3.69				
2.7	2.69	3.7				
2.71	2.6815	3.71				
2.72	2.701649175	3.72				
2.73	2.738	3.73				
2.74	2.6945	3.74				
2.75	2.802	3.75				
2.76	2.761	3.76				
2.77	2.699150425	3.77				
2.78	2.746126937	3.78				
2.79	2.7915	3.79				
2.8	2.824675325	3.8				
2.81	2.787106447	3.81				
2.82	2.826586707	3.82				
2.83	2.701149425	3.83				
2.84	2.8825	3.84				
2.85	2.8595	3.85				
2.86	2.860069965	3.86				
2.87	2.868065967	3.87				
2.88	2.885	3.88				
2.89	2.8755	3.89				
2.9	2.881	3.9				
2.91	2.884	3.91				
2.92	2.948025987	3.92				
2.93	2.921578422	3.93				
2.94	2.959040959	3.94				
2.95	2.9325	3.95				
2.96	2.9735	3.96				
2.97	2.949525237	3.97				
2.98	2.995504496	3.98				
2.99	3.011	3.99				
3	3.0485	4				
3.01	2.9775	4.01				
3.02	3.061938062	4.02				
3.03	3.084457771	4.03				
3.04	3.061407888	4.04				
3.05	3.03	4.05				
3.06	3.083	4.06				
3.07	3.05994006	4.07				
3.08	3.0375	4.08				
3.09	3.072463768	4.09				
3.1	3.086956522	4.1				
3.11	3.107	4.11				
3.12	3.166916542	4.12				
3.13	3.088	4.13				
3.14	3.2185	4.14				
3.15	3.138861139	4.15				
3.16	3.084	4.16				
3.17	3.1565	4.17				
3.18	3.167	4.18				
3.19	3.11944028	4.19				
3.2	3.27836082	4.2				
3.21	3.15034965	4.21				
3.22	3.217782218	4.22				
3.23	3.219890055	4.23				
3.24	3.226773227	4.24				
3.25	3.2545	4.25				
3.26	3.299350325	4.26				
3.27	3.285	4.27				
3.28	3.26023976	4.28				
3.29	3.299350325	4.29				
3.3	3.297	4.3				
3.31	3.273363318	4.31				
3.32	3.325674326	4.32				
3.33	3.297851074	4.33				
3.34	3.251874063	4.34				
3.35	3.294352824	4.35				
3.36	3.3305	4.36				
3.37	3.4007996	4.37				
3.38	3.4155	4.38				
3.39	3.407296352	4.39				
3.4	3.4105	4.4				
3.41	3.329335332	4.41				
3.42	3.4185	4.42				
3.43	3.3985	4.43				
3.44	3.469765117	4.44				
3.45	3.3945	4.45				
3.46	3.427	4.46				
3.47	3.460769615	4.47				
3.48	3.534	4.48				
3.49	3.484	4.49				
3.5	3.45	4.5				
3.51	3.4915	4.51				
3.52	3.538961039	4.52				
3.53	3.524737631	4.53				
3.54	3.582	4.54				
3.55	3.558662007	4.55				
3.56	3.5935	4.56				
3.57	3.553946054	4.57				
3.58	3.6265	4.58				
3.59	3.5	4.59				
3.6	3.59040959	4.6				
3.61	3.578710645	4.61				
3.62	3.572927073	4.62				
3.63	3.6185	4.63				
3.64	3.588411588	4.64				
3.65	3.7002997	4.65				
3.66	3.6695	4.66				
3.67	3.666333666	4.67				
3.68	3.682317682	4.68				
3.69	3.642678661	4.69				
3.7	3.6835	4.7				
3.71	3.658670665	4.71				
3.72	3.696151924	4.72				
3.73	3.7195	4.73				
3.74	3.679	4.74				
3.75	3.7385	4.75				
3.76	3.683658171	4.76				
3.77	3.765617191	4.77				
3.78	3.7385	4.78				
3.79	3.804597701	4.79				
3.8	3.83958021	4.8				
3.81	3.778721279	4.81				
3.82	3.823088456	4.82				
3.83	3.818590705	4.83				
3.84	3.801698302	4.84				
3.85	3.8145	4.85				
3.86	3.830339321	4.86				
3.87	3.91954023	4.87				
3.88	3.8965	4.88				
3.89	3.9085	4.89				
3.9	3.895656515	4.9				
3.91	3.868565717	4.91				
3.92	3.887668497	4.92				
3.93	3.9	4.93				
3.94	3.925	4.94				
3.95	3.970014993	4.95				
3.96	3.9315	4.96				
3.97	3.943	4.97				
3.98	4.005997001	4.98				
3.99	3.91854073	4.99				
4	4.0155	5				
4.01	3.990004998	5.01				
4.02	4.025	5.02				
4.03	4.08041958	5.03				
4.04	3.966	5.04				
4.05	4.017491254	5.05				
4.06	3.995002499	5.06				
4.07	4.089955022	5.07				
4.08	4.111	5.08				
4.09	4.103	5.09				
4.1	4.0635	5.1				
4.11	4.0315	5.11				
4.12	4.0825	5.12				
4.13	4.163836164	5.13				
4.14	4.1095	5.14				
4.15	4.159340659	5.15				
4.16	4.2125	5.16				
4.17	4.162	5.17				
4.18	4.2045	5.18				
4.19	4.205294705	5.19				
4.2	4.195	5.2				
4.21	4.198301698	5.21				
4.22	4.218	5.22				
4.23	4.2295	5.23				
4.24	4.252121817	5.24				
4.25	4.290854573	5.25				
4.26	4.227386307	5.26				
4.27	4.215392304	5.27				
4.28	4.344655345	5.28				
4.29	4.2635	5.29				
4.3	4.3665	5.3				
4.31	4.3475	5.31				
4.32	4.302697303	5.32				
4.33	4.2505	5.33				
4.34	4.340329835	5.34				
4.35	4.352970544	5.35				
4.36	4.33966034	5.36				
4.37	4.4045	5.37				
4.38	4.336831584	5.38				
4.39	4.341	5.39				
4.4	4.385	5.4				
4.41	4.466266867	5.41				
4.42	4.441558442	5.42				
4.43	4.4215	5.43				
4.44	4.485	5.44				
4.45	4.407796102	5.45				
4.46	4.496503497	5.46				
4.47	4.472527473	5.47				
4.48	4.4805	5.48				
4.49	4.484	5.49				
4.5	4.43	5.5				
4.51	4.528735632	5.51				
4.52	4.507746127	5.52				
4.53	4.347652348	5.53				
4.54	4.514	5.54				
4.55	4.5605	5.55				
4.56	4.5845	5.56				
4.57	4.579	5.57				
4.58	4.6135	5.58				
4.59	4.573426573	5.59				
4.6	4.4255	5.6				
4.61	4.526	5.61				
4.62	4.639360639	5.62				
4.63	4.6545	5.63				
4.64	4.592703648	5.64				
4.65	4.6705	5.65				
4.66	4.670494259	5.66				
4.67	4.6895	5.67				
4.68	4.735	5.68				
4.69	4.696651674	5.69				
4.7	4.795102449	5.7				
4.71	4.673326673	5.71				
4.72	4.722	5.72				
4.73	4.6825	5.73				
4.74	4.777222777	5.74				
4.75	4.8375	5.75				
4.76	4.76435347	5.76				
4.77	4.753623188	5.77				
4.78	4.834	5.78				
4.79	4.8145	5.79				
4.8	4.692307692	5.8				
4.81	4.794102949	5.81				
4.82	4.7986007	5.82				
4.83	4.779110445	5.83				
4.84	4.751	5.84				
4.85	4.841	5.85				
4.86	4.866066967	5.86				
4.87	4.931068931	5.87				
4.88	4.897154269	5.88				
4.89	4.8145	5.89				
4.9	4.927536232	5.9				
4.91	4.9015	5.91				
4.92	4.968047928	5.92				
4.93	4.874562719	5.93				
4.94	4.9000999	5.94				
4.95	4.932033983	5.95				
4.96	4.906046977	5.96				
4.97	4.909045477	5.97				
4.98	4.9715	5.98				
4.99	5.043	5.99				
5	4.982508746	6				
5.01	5.091408591	6.01				
5.02	4.987	6.02				
5.03	5.08195902	6.03				
5.04	5.063	6.04				
5.05	5.043478261	6.05				
5.06	5.035482259	6.06				
5.07	5.055944056	6.07				
5.08	5.061438561	6.08				
5.09	5.08045977	6.09				
5.1	5.051	6.1				
5.11	5.222888556	6.11				
5.12	5.1985	6.12				
5.13	5.108445777	6.13				
5.14	5.1075	6.14				
5.15	5.155344655	6.15				
5.16	5.214392804	6.16				
5.17	5.15892054	6.17				
5.18	5.113886114	6.18				
5.19	5.152923538	6.19				
5.2	5.23	6.2				
5.21	5.261869065	6.21				
5.22	5.178321678	6.22				
5.23	5.242015968	6.23				
5.24	5.154	6.24				
5.25	5.167	6.25				
5.26	5.248627059	6.26				
5.27	5.214285714	6.27				
5.28	5.2095	6.28				
5.29	5.186906547	6.29				
5.3	5.108945527	6.3				
5.31	5.277	6.31				
5.32	5.3485	6.32				
5.33	5.3275	6.33				
5.34	5.356321839	6.34				
5.35	5.35	6.35				
5.36	5.32133933	6.36				
5.37	5.3685	6.37				
5.38	5.344327836	6.38				
5.39	5.353823088	6.39				
5.4	5.443	6.4				
5.41	5.477522478	6.41				
5.42	5.430784608	6.42				
5.43	5.41958042	6.43				
5.44	5.3555	6.44				
5.45	5.5155	6.45				
5.46	5.384307846	6.46				
5.47	5.453773113	6.47				
5.48	5.541458541	6.48				
5.49	5.454772614	6.49				
5.5	5.4575	6.5				
5.51	5.393303348	6.51				
5.52	5.388305847	6.52				
5.53	5.442278861	6.53				
5.54	5.581209395	6.54				
5.55	5.5935	6.55				
5.56	5.579210395	6.56				
5.57	5.553723138	6.57				
5.58	5.569361277	6.58				
5.59	5.555722139	6.59				
5.6	5.590727817	6.6				
5.61	5.663668166	6.61				
5.62	5.479281078	6.62				
5.63	5.601098352	6.63				
5.64	5.677983025	6.64				
5.65	5.76111944	6.65				
5.66	5.695	6.66				
5.67	5.626373626	6.67				
5.68	5.6220669	6.68				
5.69	5.709	6.69				
5.7	5.711288711	6.7				
5.71	5.708645677	6.71				
5.72	5.669	6.72				
5.73	5.746626687	6.73				
5.74	5.772113943	6.74				
5.75	5.733	6.75				
5.76	5.72063968	6.76				
5.77	5.813686314	6.77				
5.78	5.8085	6.78				
5.79	5.83958021	6.79				
5.8	5.804597701	6.8				
5.81	5.9295	6.81				
5.82	5.8375	6.82				
5.83	5.778	6.83				
5.84	5.7665	6.84				
5.85	5.868565717	6.85				
5.86	5.8795	6.86				
5.87	5.931	6.87				
5.88	5.837162837	6.88				
5.89	5.931534233	6.89				
5.9	5.902048976	6.9				
5.91	6.029985007	6.91				
5.92	5.877	6.92				
5.93	5.967016492	6.93				
5.94	5.988	6.94				
5.95	5.883	6.95				
5.96	5.962537463	6.96				
5.97	5.879	6.97				
5.98	6.051974013	6.98				
5.99	6.011494253	6.99				
6	5.965052421	7				
6.01	6.0745	7.01				
6.02	5.95852074	7.02				
6.03	6.020489755	7.03				
6.04	6.0645	7.04				
6.05	5.95	7.05				
6.06	6.016	7.06				
6.07	6.040938592	7.07				
6.08	6.096355467	7.08				
6.09	6.027986007	7.09				
6.1	5.996503497	7.1				
6.11	6.154422789	7.11				
6.12	6.0145	7.12				
6.13	6.08437344	7.13				
6.14	6.140929535	7.14				
6.15	6.15034965	7.15				
6.16	6.24187906	7.16				
6.17	6.128	7.17				
6.18	6.246	7.18				
6.19	6.24037981	7.19				
6.2	6.146	7.2				
6.21	6.16041979	7.21				
6.22	6.1998002	7.22				
6.23	6.2775	7.23				
6.24	6.190214678	7.24				
6.25	6.304847576	7.25				
6.26	6.323338331	7.26				
6.27	6.248	7.27				
6.28	6.318522217	7.28				
6.29	6.218281718	7.29				
6.3	6.266366817	7.3				
6.31	6.298	7.31				
6.32	6.27	7.32				
6.33	6.341329335	7.33				
6.34	6.415292354	7.34				
6.35	6.283858071	7.35				
6.36	6.371	7.36				
6.37	6.419290355	7.37				
6.38	6.342657343	7.38				
6.39	6.272	7.39				
6.4	6.3996004	7.4				
6.41	6.39010989	7.41				
6.42	6.345827086	7.42				
6.43	6.30654019	7.43				
6.44	6.4205	7.44				
6.45	6.476285572	7.45				
6.46	6.4155	7.46				
6.47	6.419	7.47				
6.48	6.381927109	7.48				
6.49	6.426573427	7.49				
6.5	6.419870195	7.5				
6.51	6.5105	7.51				
6.52	6.539730135	7.52				
6.53	6.506746627	7.53				
6.54	6.457542458	7.54				
6.55	6.556	7.55				
6.56	6.581	7.56				
6.57	6.659670165	7.57				
6.58	6.51824088	7.58				
6.59	6.536926148	7.59				
6.6	6.629185407	7.6				
6.61	6.645177411	7.61				
6.62	6.6185	7.62				
6.63	6.536231884	7.63				
6.64	6.541229385	7.64				
6.65	6.7105	7.65				
6.66	6.72013993	7.66				
6.67	6.6015	7.67				
6.68	6.742128936	7.68				
6.69	6.68	7.69				
6.7	6.675986021	7.7				
6.71	6.695804196	7.71				
6.72	6.689310689	7.72				
6.73	6.681	7.73				
6.74	6.816183816	7.74				
6.75	6.7855	7.75				
6.76	6.771728272	7.76				
6.77	6.76435347	7.77				
6.78	6.7415	7.78				
6.79	6.682158921	7.79				
6.8	6.722416375	7.8				
6.81	6.8001998	7.81				
6.82	6.843	7.82				
6.83	6.763118441	7.83				
6.84	6.83908046	7.84				
6.85	6.855572214	7.85				
6.86	6.866633367	7.86				
6.87	6.847728407	7.87				
6.88	6.8425	7.88				
6.89	6.877622378	7.89				
6.9	6.937562438	7.9				
6.91	6.8425	7.91				
6.92	6.762118941	7.92				
6.93	6.862137862	7.93				
6.94	6.985	7.94				
6.95	7.060409386	7.95				
6.96	6.995	7.96				
6.97	7.073426573	7.97				
6.98	6.910544728	7.98				
6.99	6.925574426	7.99				
7	7.015976036	8				
7.01	6.965	8.01				
7.02	6.995502249	8.02				
7.03	7.096451774	8.03				
7.04	7.087956022	8.04				
7.05	7.021	8.05				
7.06	7.054472764	8.06				
7.07	7.095904096	8.07				
7.08	7.154422789	8.08				
7.09	7.011994003	8.09				
7.1	7.187906047	8.1				
7.11	7.111832252	8.11				
7.12	7.04047976	8.12				
7.13	7.098450775	8.13				
7.14	7.05044955	8.14				
7.15	7.127372627	8.15				
7.16	7.186406797	8.16				
7.17	7.044455544	8.17				
7.18	7.15034965	8.18				
7.19	7.171828172	8.19				
7.2	7.19030969	8.2				
7.21	7.14035964	8.21				
7.22	7.137431284	8.22				
7.23	7.155	8.23				
7.24	7.19030969	8.24				
7.25	7.239260739	8.25				
7.26	7.331168831	8.26				
7.27	7.282717283	8.27				
7.28	7.261238761	8.28				
7.29	7.261	8.29				
7.3	7.3505	8.3				
7.31	7.346826587	8.31				
7.32	7.297702298	8.32				
7.33	7.289855072	8.33				
7.34	7.337831084	8.34				
7.35	7.411382926	8.35				
7.36	7.295204795	8.36				
7.37	7.344810379	8.37				
7.38	7.402298851	8.38				
7.39	7.337493759	8.39				
7.4	7.372627373	8.4				
7.41	7.43978011	8.41				
7.42	7.2295	8.42				
7.43	7.388111888	8.43				
7.44	7.343828086	8.44				
7.45	7.433283358	8.45				
7.46	7.397602398	8.46				
7.47	7.532201697	8.47				
7.48	7.4015	8.48				
7.49	7.488011988	8.49				
7.5	7.52744511	8.5				
7.51	7.564935065	8.51				
7.52	7.489010989	8.52				
7.53	7.531234383	8.53				
7.54	7.580339321	8.54				
7.55	7.605394605	8.55				
7.56	7.578421578	8.56				
7.57	7.575349301	8.57				
7.58	7.66	8.58				
7.59	7.638	8.59				
7.6	7.492753623	8.6				
7.61	7.56071964	8.61				
7.62	7.618690655	8.62				
7.63	7.633683158	8.63				
7.64	7.6825	8.64				
7.65	7.686470295	8.65				
7.66	7.664167916	8.66				
7.67	7.593703148	8.67				
7.68	7.622877123	8.68				
7.69	7.722277722	8.69				
7.7	7.6385	8.7				
7.71	7.791208791	8.71				
7.72	7.654018972	8.72				
7.73	7.730903645	8.73				
7.74	7.788105947	8.74				
7.75	7.706646677	8.75				
7.76	7.734132934	8.76				
7.77	7.719	8.77				
7.78	7.823588206	8.78				
7.79	7.833666334	8.79				
7.8	7.748751249	8.8				
7.81	7.787106447	8.81				
7.82	7.75	8.82				
7.83	7.822588706	8.83				
7.84	7.873126873	8.84				
7.85	7.778221778	8.85				
7.86	7.899650524	8.86				
7.87	7.885671493	8.87				
7.88	7.895708583	8.88				
7.89	7.856643357	8.89				
7.9	7.883732535	8.9				
7.91	8.036481759	8.91				
7.92	7.9815	8.92				
7.93	7.893213573	8.93				
7.94	7.975524476	8.94				
7.95	7.977511244	8.95				
7.96	7.930034983	8.96				
7.97	8.056971514	8.97				
7.98	8.022488756	8.98				
7.99	7.95852074	8.99				
8	8.120319521	9				
8.01	7.995002499	9.01				
8.02	8.035482259	9.02				
8.03	8.027458812	9.03				
8.04	7.994005994	9.04				
8.05	7.919080919	9.05				
8.06	8.096451774	9.06				
8.07	8.061407888	9.07				
8.08	7.988505747	9.08				
8.09	8.087	9.09				
8.1	8.0655	9.1				
8.11	8.125312032	9.11				
8.12	8.006989516	9.12				
8.13	8.033483258	9.13				
8.14	8.147926037	9.14				
8.15	8.064435564	9.15				
8.16	8.205794206	9.16				
8.17	8.081918082	9.17				
8.18	8.25024975	9.18				
8.19	8.19990005	9.19				
8.2	8.263	9.2				
8.21	8.130934533	9.21				
8.22	8.208895552	9.22				
8.23	8.0995	9.23				
8.24	8.317864271	9.24				
8.25	8.313343328	9.25				
8.26	8.177234149	9.26				
8.27	8.23976024	9.27				
8.28	8.2997003	9.28				
8.29	8.225387306	9.29				
8.3	8.299	9.3				
8.31	8.2285	9.31				
8.32	8.331	9.32				
8.33	8.269365317	9.33				
8.34	8.265601598	9.34				
8.35	8.3495	9.35				
8.36	8.308191808	9.36				
8.37	8.353969046	9.37				
8.38	8.362637363	9.38				
8.39	8.495504496	9.39				
8.4	8.4675	9.4				
8.41	8.295352324	9.41				
8.42	8.459270365	9.42				
8.43	8.286	9.43				
8.44	8.42007992	9.44				
8.45	8.506493506	9.45				
8.46	8.4395	9.46				
8.47	8.535162095	9.47				
8.48	8.471028971	9.48				
8.49	8.4755	9.49				
8.5	8.43978011	9.5				
8.51	8.617691154	9.51				
8.52	8.455317024	9.52				
8.53	8.576711644	9.53				
8.54	8.453273363	9.54				
8.55	8.42957043	9.55				
8.56	8.530234883	9.56				
8.57	8.597	9.57				
8.58	8.517982018	9.58				
8.59	8.545727136	9.59				
8.6	8.555944056	9.6				
8.61	8.672	9.61				
8.62	8.621878122	9.62				
8.63	8.6575	9.63				
8.64	8.658341658	9.64				
8.65	8.628557164	9.65				
8.66	8.632867133	9.66				
8.67	8.605894106	9.67				
8.68	8.72013993	9.68				
8.69	8.734398402	9.69				
8.7	8.632867133	9.7				
8.71	8.744627686	9.71				
8.72	8.707646177	9.72				
8.73	8.78021978	9.73				
8.74	8.693765586	9.74				
8.75	8.741017964	9.75				
8.76	8.773726274	9.76				
8.77	8.778221778	9.77				
8.78	8.706293706	9.78				
8.79	8.7305	9.79				
8.8	8.867132867	9.8				
8.81	8.8225	9.81				
8.82	8.781936128	9.82				
8.83	8.7145	9.83				
8.84	8.858641359	9.84				
8.85	8.698801199	9.85				
8.86	8.712287712	9.86				
8.87	8.8465	9.87				
8.88	8.9755	9.88				
8.89	8.908183633	9.89				
8.9	8.858711932	9.9				
8.91	8.838822355	9.91				
8.92	8.94955045	9.92				
8.93	8.941558442	9.93				
8.94	8.905047476	9.94				
8.95	8.968515742	9.95				
8.96	8.962537463	9.96				
8.97	8.82675986	9.97				
8.98	9.01	9.98				
8.99	8.982508746	9.99				
9	8.992011982	10				
9.01	9.012980529	10.01				
9.02	9.017491254	10.02				
9.03	9.000998004	10.03				
9.04	9.103448276	10.04				
9.05	9.071928072	10.05				
9.06	9.07896052	10.06				
9.07	9.167249126	10.07				
9.08	9.04047976	10.08				
9.09	9.044477761	10.09				
9.1	9.154845155	10.1				
9.11	9.043912176	10.11				
9.12	9.11844078	10.12				
9.13	9.16041979	10.13				
9.14	8.985	10.14				
9.15	9.077422577	10.15				
9.16	9.058941059	10.16				
9.17	9.103	10.17				
9.18	9.209081836	10.18				
9.19	9.084915085	10.19				
9.2	9.211394303	10.2				
9.21	9.280938124	10.21				
9.22	9.214071856	10.22				
9.23	9.298052921	10.23				
9.24	9.266366817	10.24				
9.25	9.210894553	10.25				
9.26	9.296	10.26				
9.27	9.257	10.27				
9.28	9.186813187	10.28				
9.29	9.243378311	10.29				
9.3	9.261845387	10.3				
9.31	9.394605395	10.31				
9.32	9.379930105	10.32				
9.33	9.356465302	10.33				
9.34	9.288711289	10.34				
9.35	9.306193806	10.35				
9.36	9.352647353	10.36				
9.37	9.377245509	10.37				
9.38	9.285857071	10.38				
9.39	9.344327836	10.39				
9.4	9.329505741	10.4				
9.41	9.250998004	10.41				
9.42	9.365817091	10.42				
9.43	9.3645	10.43				
9.44	9.478521479	10.44				
9.45	9.262237762	10.45				
9.46	9.424787606	10.46				
9.47	9.480279581	10.47				
9.48	9.403096903	10.48				
9.49	9.465302047	10.49				
9.5	9.468	10.5				
9.51	9.416583417	10.51				
9.52	9.584207896	10.52				
9.53	9.726273726	10.53				
9.54	9.582708646	10.54				
9.55	9.510244878	10.55				
9.56	9.553946054	10.56				
9.57	9.4715	10.57				
9.58	9.4655	10.58				
9.59	9.508245877	10.59				
9.6	9.649700599	10.6				
9.61	9.611388611	10.61				
9.62	9.50998004	10.62				
9.63	9.55822089	10.63				
9.64	9.624375624	10.64				
9.65	9.69030969	10.65				
9.66	9.623376623	10.66				
9.67	9.717141429	10.67				
9.68	9.7195	10.68				
9.69	9.778110945	10.69				
9.7	9.703944084	10.7				
9.71	9.723276723	10.71				
9.72	9.706234414	10.72				
9.73	9.638861139	10.73				
9.74	9.537924152	10.74				
9.75	9.7345	10.75				
9.76	9.869565217	10.76				
9.77	9.72441338	10.77				
9.78	9.7845	10.78				
9.79	9.756621689	10.79				
9.8	9.710578842	10.8				
9.81	9.774112944	10.81				
9.82	9.862	10.82				
9.83	9.897	10.83				
9.84	9.856571714	10.84				
9.85	9.829585207	10.85				
9.86	9.786320519	10.86				
9.87	9.833166833	10.87				
9.88	9.854790419	10.88				
9.89	9.993506494	10.89				
9.9	9.805791313	10.9				
9.91	9.904547726	10.91				
9.92	9.950574139	10.92				
9.93	10.02197802	10.93				
9.94	10.03098451	10.94				
9.95	9.923115327	10.95				
9.96	9.956543457	10.96				
9.97	9.985014985	10.97				
9.98	10.07142857	10.98				
9.99	9.985007496	10.99				
10	10.067	11				
10.01	9.949025487	11.01				
10.02	9.996003996	11.02				
10.03	10.01546906	11.03				
10.04	9.928035982	11.04				
10.05	10.03398301	11.05				
10.06	10.03541147	11.06				
10.07	9.951048951	11.07				
10.08	10.16716567	11.08				
10.09	10.07396302	11.09				
10.1	10.04543185	11.1				
10.11	10.10644678	11.11				
10.12	10.16883117	11.12				
10.13	10.11038961	11.13				
10.14	10.12231653	11.14				
10.15	10.23526474	11.15				
10.16	10.12093953	11.16				
10.17	10.0459311	11.17				
10.18	10.05847076	11.18				
10.19	10.21767349	11.19				
10.2	10.11888112	11.2				
10.21	10.19330669	11.21				
10.22	10.32817183	11.22				
10.23	10.3046953	11.23				
10.24	10.23464803	11.24				
10.25	10.30803794	11.25				
10.26	10.23464803	11.26				
10.27	10.24001996	11.27				
10.28	10.19590205	11.28				
10.29	10.1884058	11.29				
10.3	10.28485757	11.3				
10.31	10.29555667	11.31				
10.32	10.23238381	11.32				
10.33	10.35032484	11.33				
10.34	10.27159261	11.34				
10.35	10.44383425	11.35				
10.36	10.2982018	11.36				
10.37	10.33566434	11.37				
10.38	10.3961039	11.38				
10.39	10.31652521	11.39				
10.4	10.53942116	11.4				
10.41	10.29855217	11.41				
10.42	10.30374065	11.42				
10.43	10.34697953	11.43				
10.44	10.55322339	11.44				
10.45	10.44955045	11.45				
10.46	10.366	11.46				
10.47	10.47376312	11.47				
10.48	10.5055	11.48				
10.49	10.5004995	11.49				
10.5	10.54972514	11.5				
10.51	10.387	11.51				
10.52	10.56793207	11.52				
10.53	10.52923538	11.53				
10.54	10.53093812	11.54				
10.55	10.51948052	11.55				
10.56	10.64185814	11.56				
10.57	10.52518703	11.57				
10.58	10.64935065	11.58				
10.59	10.47552448	11.59				
10.6	10.64985015	11.6				
10.61	10.56043956	11.61				
10.62	10.56	11.62				
10.63	10.6001999	11.63				
10.64	10.67882118	11.64				
10.65	10.61469265	11.65				
10.66	10.57242757	11.66				
10.67	10.5802099	11.67				
10.68	10.71792312	11.68				
10.69	10.64667666	11.69				
10.7	10.74362819	11.7				
10.71	10.63836164	11.71				
10.72	10.74975025	11.72				
10.73	10.74825175	11.73				
10.74	10.67764471	11.74				
10.75	10.8242636	11.75				
10.76	10.855	11.76				
10.77	10.88055972	11.77				
10.78	10.85707146	11.78				
10.79	10.63968016	11.79				
10.8	10.78792415	11.8				
10.81	10.72363818	11.81				
10.82	10.82058971	11.82				
10.83	10.73963018	11.83				
10.84	10.95502249	11.84				
10.85	10.91854073	11.85				
10.86	10.82508746	11.86				
10.87	10.91158841	11.87				
10.88	10.84857571	11.88				
10.89	10.91458541	11.89				
10.9	10.88261738	11.9				
10.91	10.81736527	11.91				
10.92	10.85179641	11.92				
10.93	10.98850575	11.93				
10.94	11.00149775	11.94				
10.95	11.002997	11.95				
10.96	10.86976048	11.96				
10.97	10.83216783	11.97				
10.98	10.94361277	11.98				
10.99	10.87718422	11.99				
11	10.92810784	12				
11.01	10.96403596	12.01				
11.02	10.91908092	12.02				
11.03	11.09295352	12.03				
11.04	11.11088911	12.04				
11.05	11.04141717	12.05				
11.06	11.1685	12.06				
11.07	11.06093906	12.07				
11.08	11.15676485	12.08				
11.09	11.07046477	12.09				
11.1	11.05791313	12.1				
11.11	11.1038961	12.11				
11.12	11.04588529	12.12				
11.13	11.20889555	12.13				
11.14	11.12587413	12.14				
11.15	11.2255	12.15				
11.16	11.14492754	12.16				
11.17	11.1746507	12.17				
11.18	10.97852148	12.18				
11.19	11.09195402	12.19				
11.2	11.20979021	12.2				
11.21	11.07830424	12.21				
11.22	11.31668332	12.22				
11.23	11.26023976	12.23				
11.24	11.22988506	12.24				
11.25	11.30938124	12.25				
11.26	11.1953047	12.26				
11.27	11.31652521	12.27				
11.28	11.27358962	12.28				
11.29	11.33283358	12.29				
11.3	11.31018981	12.3				
11.31	11.24887556	12.31				
11.32	11.26373626	12.32				
11.33	11.27059411	12.33				
11.34	11.41629185	12.34				
11.35	11.32783608	12.35				
11.36	11.25162257	12.36				
11.37	11.27886057	12.37				
11.38	11.18881119	12.38				
11.39	11.33533233	12.39				
11.4	11.43478261	12.4				
11.41	11.32533733	12.41				
11.42	11.37755611	12.42				
11.43	11.499501	12.43				
11.44	11.34732634	12.44				
11.45	11.39010989	12.45				
11.46	11.34348477	12.46				
11.47	11.44455544	12.47				
11.48	11.48425787	12.48				
11.49	11.52720919	12.49				
11.5	11.42457542	12.5				
11.51	11.36281859	12.51				
11.52	11.42757243	12.52				
11.53	11.49325337	12.53				
11.54	11.51874063	12.54				
11.55	11.65284715	12.55				
11.56	11.56643357	12.56				
11.57	11.47452547	12.57				
11.58	11.73363318	12.58				
11.59	11.57256858	12.59				
11.6	11.57892108	12.6				
11.61	11.56315527	12.61				
11.62	11.69311377	12.62				
11.63	11.683	12.63				
11.64	11.62724551	12.64				
11.65	11.59340659	12.65				
11.66	11.71471322	12.66				
11.67	11.58670665	12.67				
11.68	11.55816276	12.68				
11.69	11.67498752	12.69				
11.7	11.64885115	12.7				
11.71	11.73776224	12.71				
11.72	11.67316342	12.72				
11.73	11.71228771	12.73				
11.74	11.66216892	12.74				
11.75	11.74212894	12.75				
11.76	11.80688623	12.76				
11.77	11.64417791	12.77				
11.78	11.67764471	12.78				
11.79	11.76934598	12.79				
11.8	11.67864271	12.8				
11.81	11.83874189	12.81				
11.82	11.67216392	12.82				
11.83	11.91512731	12.83				
11.84	11.73476523	12.84				
11.85	11.87012987	12.85				
11.86	11.84530938	12.86				
11.87	11.88273453	12.87				
11.88	11.80129805	12.88				
11.89	11.88467299	12.89				
11.9	11.867	12.9				
11.91	11.91412881	12.91				
11.92	11.994003	12.92				
11.93	11.86313686	12.93				
11.94	11.94855145	12.94				
11.95	11.89870259	12.95				
11.96	11.86306847	12.96				
11.97	11.9265	12.97				
11.98	11.92511233	12.98				
11.99	12.02195609	12.99				
12	12.09630739	13				
12.01	12.04545455	13.01				
12.02	12.044	13.02				
12.03	11.90968064	13.03				
12.04	12.11088911	13.04				
12.05	12.05341987	13.05				
12.06	12.18581419	13.06				
12.07	11.9810095	13.07				
12.08	12.1797304	13.08				
12.09	12.16425362	13.09				
12.1	12.01798202	13.1				
12.11	12.16724913	13.11				
12.12	12.10883674	13.12				
12.13	12.20369446	13.13				
12.14	12.08145927	13.14				
12.15	12.09036445	13.15				
12.16	12.10878244	13.16				
12.17	12.1043956	13.17				
12.18	12.16241879	13.18				
12.19	12.04241517	13.19				
12.2	12.23564653	13.2				
12.21	12.3668993	13.21				
12.22	12.2365	13.22				
12.23	12.27345309	13.23				
12.24	12.2007992	13.24				
12.25	12.20929071	13.25				
12.26	12.26909636	13.26				
12.27	12.36576846	13.27				
12.28	12.18871692	13.28				
12.29	12.25574426	13.29				
12.3	12.26610085	13.3				
12.31	12.27722278	13.31				
12.32	12.34265734	13.32				
12.33	12.4047976	13.33				
12.34	12.31586826	13.34				
12.35	12.35628743	13.35				
12.36	12.34415584	13.36				
12.37	12.32833583	13.37				
12.38	12.22316525	13.38				
12.39	12.362	13.39				
12.4	12.459	13.4				
12.41	12.33483034	13.41				
12.42	12.47904192	13.42				
12.43	12.50124813	13.43				
12.44	12.48175912	13.44				
12.45	12.33999001	13.45				
12.46	12.51371571	13.46				
12.47	12.58391608	13.47				
12.48	12.4006986	13.48				
12.49	12.48527209	13.49				
12.5	12.45677161	13.5				
12.51	12.44760479	13.51				
12.52	12.4097951	13.52				
12.53	12.54945055	13.53				
12.54	12.55816276	13.54				
12.55	12.49525237	13.55				
12.56	12.52269327	13.56				
12.57	12.6061969	13.57				
12.58	12.55966051	13.58				
12.59	12.641	13.59				
12.6	12.56721639	13.6				
12.61	12.66083916	13.61				
12.62	12.55472264	13.62				
12.63	12.69161677	13.63				
12.64	12.54640719	13.64				
12.65	12.57413879	13.65				
12.66	12.63818091	13.66				
12.67	12.5448654	13.67				
12.68	12.62144638	13.68				
12.69	12.53173413	13.69				
12.7	12.72577423	13.7				
12.71	12.82675986	13.71				
12.72	12.63073852	13.72				
12.73	12.58941059	13.73				
12.74	12.75187219	13.74				
12.75	12.78093812	13.75				
12.76	12.81677484	13.76				
12.77	12.77322677	13.77				
12.78	12.835	13.78				
12.79	12.777334	13.79				
12.8	12.8095	13.8				
12.81	12.75774226	13.81				
12.82	12.87225549	13.82				
12.83	12.84223665	13.83				
12.84	12.864	13.84				
12.85	12.916	13.85				
12.86	12.73489765	13.86				
12.87	12.65618762	13.87				
12.88	12.91354323	13.88				
12.89	13.0189905	13.89				
12.9	12.90314528	13.9				
12.91	12.91904048	13.91				
12.92	12.84915085	13.92				
12.93	13.05838323	13.93				
12.94	12.7987013	13.94				
12.95	13.03494758	13.95				
12.96	12.96906188	13.96				
12.97	13.04895105	13.97				
12.98	12.89565652	13.98				
12.99	12.9740519	13.99				
13	12.99750499	14				
13.01	12.90514229	14.01				
13.02	13.13829256	14.02				
13.03	13.05894106	14.03				
13.04	13.0745	14.04				
13.05	13.05278884	14.05				
13.06	12.98152771	14.06				
13.07	12.968	14.07				
13.08	13.00549451	14.08				
13.09	13.11876248	14.09				
13.1	13.16075886	14.1				
13.11	13.17332667	14.11				
13.12	12.9491018	14.12				
13.13	13.11083375	14.13				
13.14	12.996002	14.14				
13.15	13.1785	14.15				
13.16	13.14235764	14.16				
13.17	13.1035	14.17				
13.18	13.14428357	14.18				
13.19	13.23088456	14.19				
13.2	13.17341329	14.2				
13.21	13.2042957	14.21				
13.22	13.23076923	14.22				
13.23	13.1958042	14.23				
13.24	13.1845	14.24				
13.25	13.13758724	14.25				
13.26	13.2999002	14.26				
13.27	13.34548178	14.27				
13.28	13.41	14.28				
13.29	13.34982509	14.29				
13.3	13.23602794	14.3				
13.31	13.23491272	14.31				
13.32	13.2441338	14.32				
13.33	13.25237381	14.33				
13.34	13.35528942	14.34				
13.35	13.14812968	14.35				
13.36	13.44760479	14.36				
13.37	13.27172827	14.37				
13.38	13.26673327	14.38				
13.39	13.29426434	14.39				
13.4	13.28835582	14.4				
13.41	13.24862706	14.41				
13.42	13.4895	14.42				
13.43	13.34812968	14.43				
13.44	13.51297405	14.44				
13.45	13.43612774	14.45				
13.46	13.35132434	14.46				
13.47	13.4057971	14.47				
13.48	13.41117764	14.48				
13.49	13.48675662	14.49				
13.5	13.6555334	14.5				
13.51	13.4505	14.51				
13.52	13.65768463	14.52				
13.53	13.56259352	14.53				
13.54	13.69595607	14.54				
13.55	13.52920619	14.55				
13.56	13.5503992	14.56				
13.57	13.62487512	14.57				
13.58	13.52797203	14.58				
13.59	13.67431421	14.59				
13.6	13.56137725	14.6				
13.61	13.6685	14.61				
13.62	13.6715	14.62				
13.63	13.58212681	14.63				
13.64	13.65469062	14.64				
13.65	13.65717141	14.65				
13.66	13.76973027	14.66				
13.67	13.83066933	14.67				
13.68	13.7343984	14.68				
13.69	13.63055417	14.69				
13.7	13.73663168	14.7				
13.71	13.61807289	14.71				
13.72	13.856	14.72				
13.73	13.5687251	14.73				
13.74	13.5075	14.74				
13.75	13.7965	14.75				
13.76	13.66283716	14.76				
13.77	13.82767233	14.77				
13.78	13.82958521	14.78				
13.79	13.74238642	14.79				
13.8	13.70908184	14.8				
13.81	13.922	14.81				
13.82	13.71628372	14.82				
13.83	13.83774338	14.83				
13.84	13.89730808	14.84				
13.85	13.81586826	14.85				
13.86	13.8445	14.86				
13.87	13.84815185	14.87				
13.88	13.88185444	14.88				
13.89	13.71228771	14.89				
13.9	13.83840399	14.9				
13.91	13.90927218	14.91				
13.92	13.77822178	14.92				
13.93	13.98502994	14.93				
13.94	13.93409885	14.94				
13.95	14.12243878	14.95				
13.96	13.96655017	14.96				
13.97	13.9125	14.97				
13.98	13.84937656	14.98				
13.99	13.89271457	14.99				
14	13.90759241	15				
14.01	13.92903548	15.01				
14.02	14.13143428	15.02				
14.03	13.96005991	15.03				
14.04	13.95154845	15.04				
14.05	13.95361596	15.05				
14.06	14.21128871	15.06				
14.07	14.06786427	15.07				
14.08	14.08233533	15.08				
14.09	14.25937031	15.09				
14.1	13.94005994	15.1				
14.11	14.03398301	15.11				
14.12	14.11870324	15.12				
14.13	14.13173653	15.13				
14.14	14.18453865	15.14				
14.15	14.20369446	15.15				
14.16	14.06590115	15.16				
14.17	14.14193227	15.17				
14.18	14.06989516	15.18				
14.19	14.17182817	15.19				
14.2	14.27322677	15.2				
14.21	14.12537463	15.21				
14.22	14.14399601	15.22				
14.23	14.25561658	15.23				
14.24	14.1103345	15.24				
14.25	14.19052369	15.25				
14.26	14.3006993	15.26				
14.27	14.26796407	15.27				
14.28	14.45808383	15.28				
14.29	14.293	15.29				
14.3	14.1761477	15.3				
14.31	14.40489266	15.31				
14.32	14.20629371	15.32				
14.33	14.37631184	15.33				
14.34	14.35878244	15.34				
14.35	14.30454319	15.35				
14.36	14.36209476	15.36				
14.37	14.31786427	15.37				
14.38	14.42643392	15.38				
14.39	14.41929035	15.39				
14.4	14.41487768	15.4				
14.41	14.38423154	15.41				
14.42	14.46430354	15.42				
14.43	14.34498253	15.43				
14.44	14.4165	15.44				
14.45	14.24637681	15.45				
14.46	14.42636046	15.46				
14.47	14.47904192	15.47				
14.48	14.63273453	15.48				
14.49	14.39700748	15.49				
14.5	14.40659341	15.5				
14.51	14.56643357	15.51				
14.52	14.38891663	15.52				
14.53	14.45463609	15.53				
14.54	14.53196803	15.54				
14.55	14.44239401	15.55				
14.56	14.55710723	15.56				
14.57	14.59530938	15.57				
14.58	14.57621189	15.58				
14.59	14.6171914	15.59				
14.6	14.42351769	15.6				
14.61	14.61838162	15.61				
14.62	14.54095904	15.62				
14.63	14.68365817	15.63				
14.64	14.67898153	15.64				
14.65	14.7042957	15.65				
14.66	14.5986021	15.66				
14.67	14.6008991	15.67				
14.68	14.76497006	15.68				
14.69	14.56743257	15.69				
14.7	14.73426573	15.7				
14.71	14.77855362	15.71				
14.72	14.60739261	15.72				
14.73	14.49000999	15.73				
14.74	14.90469062	15.74				
14.75	14.7521197	15.75				
14.76	14.71892162	15.76				
14.77	14.68197703	15.77				
14.78	14.84381238	15.78				
14.79	14.83690773	15.79				
14.8	14.72277722	15.8				
14.81	14.87356322	15.81				
14.82	14.9495	15.82				
14.83	14.67132867	15.83				
14.84	14.79351621	15.84				
14.85	14.71164418	15.85				
14.86	14.96353646	15.86				
14.87	15.06543457	15.87				
14.88	14.66417166	15.88				
14.89	14.79830255	15.89				
14.9	14.83175237	15.9				
14.91	14.8553616	15.91				
14.92	14.84281437	15.92				
14.93	14.85621568	15.93				
14.94	14.75946215	15.94				
14.95	15.10034948	15.95				
14.96	14.91666667	15.96				
14.97	14.944	15.97				
14.98	14.94	15.98				
14.99	14.93167082	15.99				
15	14.9251497	16				
15.01	15.00549176	16.01				
15.02	14.91254373	16.02				
15.03	14.95610973	16.03				
15.04	14.90284006	16.04				
15.05	15.012	16.05				
15.06	15.1446384	16.06				
15.07	15.06490265	16.07				
15.08	15.22427572	16.08				
15.09	15.08341658	16.09				
15.1	15.11770574	16.1				
15.11	15.04742886	16.11				
15.12	15.02044888	16.12				
15.13	14.97010463	16.13				
15.14	14.97305389	16.14				
15.15	15.10917248	16.15				
15.16	15.18131868	16.16				
15.17	15.11410065	16.17				
15.18	15.16441779	16.18				
15.19	14.97705736	16.19				
15.2	15.22888556	16.2				
15.21	15.21278721	16.21				
15.22	15.16075886	16.22				
15.23	15.3003992	16.23				
15.24	15.19	16.24				
15.25	15.14378432	16.25				
15.26	15.14378432	16.26				
15.27	15.21695761	16.27				
15.28	15.27786107	16.28				
15.29	15.1944028	16.29				
15.3	15.31634183	16.3				
15.31	15.18313373	16.31				
15.32	15.2441338	16.32				
15.33	15.41637544	16.33				
15.34	15.16508728	16.34				
15.35	15.33533233	16.35				
15.36	15.30439122	16.36				
15.37	15.32017982	16.37				
15.38	15.316	16.38				
15.39	15.35764236	16.39				
15.4	15.3525	16.4				
15.41	15.42128936	16.41				
15.42	15.42328836	16.42				
15.43	15.32552343	16.43				
15.44	15.445	16.44				
15.45	15.48752495	16.45				
15.46	15.27508737	16.46				
15.47	15.40439341	16.47				
15.48	15.72618454	16.48				
15.49	15.49975037	16.49				
15.5	15.43113772	16.5				
15.51	15.47528707	16.51				
15.52	15.5954046	16.52				
15.53	15.44583125	16.53				
15.54	15.57605985	16.54				
15.55	15.43684473	16.55				
15.56	15.6242515	16.56				
15.57	15.63404893	16.57				
15.58	15.46380429	16.58				
15.59	15.67032419	16.59				
15.6	15.51148851	16.6				
15.61	15.5738523	16.61				
15.62	15.71892162	16.62				
15.63	15.57634731	16.63				
15.64	15.68195414	16.64				
15.65	15.59231537	16.65				
15.66	15.70723192	16.66				
15.67	15.78371628	16.67				
15.68	15.68147778	16.68				
15.69	15.62232187	16.69				
15.7	15.69665167	16.7				
15.71	15.74114713	16.71				
15.72	15.89670659	16.72				
15.73	15.74625375	16.73				
15.74	15.7856072	16.74				
15.75	15.64135864	16.75				
15.76	15.77894212	16.76				
15.77	15.74325674	16.77				
15.78	15.71207585	16.78				
15.79	15.73639541	16.79				
15.8	15.8165917	16.8				
15.81	15.83266733	16.81				
15.82	15.6595	16.82				
15.83	15.80579131	16.83				
15.84	15.87612388	16.84				
15.85	15.96851574	16.85				
15.86	15.79590818	16.86				
15.87	15.70344483	16.87				
15.88	15.7992008	16.88				
15.89	15.91004498	16.89				
15.9	15.63205192	16.9				
15.91	15.89955022	16.91				
15.92	15.78271728	16.92				
15.93	15.9775337	16.93				
15.94	15.81836327	16.94				
15.95	15.93316708	16.95				
15.96	16.10839161	16.96				
15.97	15.83998006	16.97				
15.98	16.05588822	16.98				
15.99	15.9295	16.99				
16	15.87662338	17				
16.01	15.97302697	17.01				
16.02	15.96860987	17.02				
16.03	15.81809095	17.03				
16.04	15.98450775	17.04				
16.05	16.05444555	17.05				
16.06	16.06590115	17.06				
16.07	16.02296555	17.07				
16.08	16.00798802	17.08				
16.09	16.18322516	17.09				
16.1	16.05888224	17.1				
16.11	15.9925187	17.11				
16.12	16.21278721	17.12				
16.13	16.06243756	17.13				
16.14	15.9745	17.14				
16.15	16.15	17.15				
16.16	16.12687313	17.16				
16.17	16.17764471	17.17				
16.18	16.20897756	17.18				
16.19	15.99750125	17.19				
16.2	16.10244878	17.2				
16.21	16.25661508	17.21				
16.22	16.2240519	17.22				
16.23	16.22666001	17.23				
16.24	16.23926074	17.24				
16.25	16.21474838	17.25				
16.26	16.22355289	17.26				
16.27	16.05682951	17.27				
16.28	16.3248503	17.28				
16.29	16.25624376	17.29				
16.3	16.44837905	17.3				
16.31	16.37181409	17.31				
16.32	16.498002	17.32				
16.33	16.33982036	17.33				
16.34	16.21695761	17.34				
16.35	16.47876062	17.35				
16.36	16.35047429	17.36				
16.37	16.42107892	17.37				
16.38	16.22288856	17.38				
16.39	16.34882559	17.39				
16.4	16.41288068	17.4				
16.41	16.3554668	17.41				
16.42	16.41208791	17.42				
16.43	16.4677983	17.43				
16.44	16.46533666	17.44				
16.45	16.51574213	17.45				
16.46	16.39021956	17.46				
16.47	16.6105	17.47				
16.48	16.57142857	17.48				
16.49	16.56864703	17.49				
16.5	16.4040959	17.5				
16.51	16.30803794	17.51				
16.52	16.55472264	17.52				
16.53	16.4185	17.53				
16.54	16.54545455	17.54				
16.55	16.51047904	17.55				
16.56	16.70908184	17.56				
16.57	16.53117207	17.57				
16.58	16.67782218	17.58				
16.59	16.55067399	17.59				
16.6	16.54391218	17.6				
16.61	16.6023976	17.61				
16.62	16.53469795	17.62				
16.63	16.60129741	17.63				
16.64	16.5550573	17.64				
16.65	16.67282717	17.65				
16.66	16.60639361	17.66				
16.67	16.73113443	17.67				
16.68	16.65002496	17.68				
16.69	16.41188218	17.69				
16.7	16.6247505	17.7				
16.71	16.68927681	17.71				
16.72	16.7343984	17.72				
16.73	16.67216392	17.73				
16.74	16.76235647	17.74				
16.75	16.7108674	17.75				
16.76	16.63136863	17.76				
16.77	16.75998004	17.77				
16.78	16.85807096	17.78				
16.79	16.71278721	17.79				
16.8	16.84807596	17.8				
16.81	16.69265367	17.81				
16.82	16.6495769	17.82				
16.83	16.76846307	17.83				
16.84	16.81577634	17.84				
16.85	16.779331	17.85				
16.86	16.7353969	17.86				
16.87	16.85914086	17.87				
16.88	16.84289277	17.88				
16.89	16.84530938	17.89				
16.9	16.94067797	17.9				
16.91	16.83958021	17.91				
16.92	16.92703648	17.92				
16.93	16.67648527	17.93				
16.94	16.94660679	17.94				
16.95	17.05841238	17.95				
16.96	16.8225324	17.96				
16.97	16.83574638	17.97				
16.98	16.83858071	17.98				
16.99	17.02396405	17.99				
17	17.03394908	18				
17.01	16.8895	18.01				
17.02	17.12924152	18.02				
17.03	17.03944084	18.03				
17.04	16.98304239	18.04				
17.05	17.08927681	18.05				
17.06	17.04992511	18.06				
17.07	16.99050475	18.07				
17.08	17.05597201	18.08				
17.09	17.00199501	18.09				
17.1	17.1889332	18.1				
17.11	17.10683974	18.11				
17.12	17.109336	18.12				
17.13	17.29426434	18.13				
17.14	17.20818772	18.14				
17.15	17.10284573	18.15				
17.16	17.16025961	18.16				
17.17	17.27408887	18.17				
17.18	17.20289855	18.18				
17.19	17.17315369	18.19				
17.2	17.034	18.2				
17.21	17.16916168	18.21				
17.22	17.13036963	18.22				
17.23	17.21867199	18.23				
17.24	17.20448878	18.24				
17.25	17.33915212	18.25				
17.26	17.30384808	18.26				
17.27	17.36209476	18.27				
17.28	17.17473789	18.28				
17.29	17.22382851	18.29				
17.3	17.18753117	18.3				
17.31	17.33117207	18.31				
17.32	17.21767349	18.32				
17.33	17.01148851	18.33				
17.34	17.37862138	18.34				
17.35	17.28135932	18.35				
17.36	17.38791812	18.36				
17.37	17.27109336	18.37				
17.38	17.34897654	18.38				
17.39	17.33566434	18.39				
17.4	17.36377246	18.4				
17.41	17.41525424	18.41				
17.42	17.45137157	18.42				
17.43	17.37886341	18.43				
17.44	17.42136795	18.44				
17.45	17.55561097	18.45				
17.46	17.3544683	18.46				
17.47	17.46226887	18.47				
17.48	17.36645032	18.48				
17.49	17.49101796	18.49				
17.5	17.64870259	18.5				
17.51	17.46176912	18.51				
17.52	17.60609086	18.52				
17.53	17.53596404	18.53				
17.54	17.42807193	18.54				
17.55	17.70144783	18.55				
17.56	17.49076385	18.56				
17.57	17.66683292	18.57				
17.58	17.53416459	18.58				
17.59	17.63278525	18.59				
17.6	17.5556665	18.6				
17.61	17.46753247	18.61				
17.62	17.27336332	18.62				
17.63	17.53343313	18.63				
17.64	17.32483758	18.64				
17.65	17.67347956	18.65				
17.66	17.67714571	18.66				
17.67	17.72663668	18.67				
17.68	17.63622754	18.68				
17.69	17.83632735	18.69				
17.7	17.58753117	18.7				
17.71	17.67914172	18.71				
17.72	17.85329341	18.72				
17.73	17.58070965	18.73				
17.74	17.8664008	18.74				
17.75	17.8668993	18.75				
17.76	17.63323353	18.76				
17.77	17.72890664	18.77				
17.78	17.64738155	18.78				
17.79	17.58673978	18.79				
17.8	17.81795511	18.8				
17.81	17.8026973	18.81				
17.82	17.81087824	18.82				
17.83	17.80409795	18.83				
17.84	17.79810095	18.84				
17.85	17.76934598	18.85				
17.86	17.91421446	18.86				
17.87	17.77861069	18.87				
17.88	17.82942643	18.88				
17.89	17.95361596	18.89				
17.9	17.84431138	18.9				
17.91	17.86676647	18.91				
17.92	17.79850374	18.92				
17.93	17.95708583	18.93				
17.94	17.81813652	18.94				
17.95	18.01397206	18.95				
17.96	17.86374938	18.96				
17.97	18.07139291	18.97				
17.98	18.00749251	18.98				
17.99	17.96101949	18.99				
18	17.79052369	19				
18.01	17.96601699	19.01				
18.02	18.05084746	19.02				
18.03	17.95954046	19.03				
18.04	17.89531406	19.04				
18.05	18.09535696	19.05				
18.06	17.98051948	19.06				
18.07	17.99201995	19.07				
18.08	18.15012469	19.08				
18.09	18.06643357	19.09				
18.1	18.15561097	19.1				
18.11	17.98802395	19.11				
18.12	18.04445554	19.12				
18.13	18.2021967	19.13				
18.14	18.15634366	19.14				
18.15	18.11638362	19.15				
18.16	18.15311721	19.16				
18.17	18.1874063	19.17				
18.18	18.11188811	19.18				
18.19	18.18090955	19.19				
18.2	18.14763092	19.2				
18.21	18.12618454	19.21				
18.22	18.15384615	19.22				
18.23	18.20658683	19.23				
18.24	18.13943028	19.24				
18.25	18.41587619	19.25				
18.26	18.16450648	19.26				
18.27	18.32354405	19.27				
18.28	18.08337494	19.28				
18.29	18.35774788	19.29				
18.3	18.3449651	19.3				
18.31	18.24389027	19.31				
18.32	18.26047904	19.32				
18.33	18.24712931	19.33				
18.34	18.24962631	19.34				
18.35	18.37774451	19.35				
18.36	18.41537693	19.36				
18.37	18.45977011	19.37				
18.38	18.40478564	19.38				
18.39	18.29306041	19.39				
18.4	18.32037867	19.4				
18.41	18.32351473	19.41				
18.42	18.49228472	19.42				
18.43	18.2957043	19.43				
18.44	18.55112219	19.44				
18.45	18.46530205	19.45				
18.46	18.51247505	19.46				
18.47	18.35047429	19.47				
18.48	18.38822355	19.48				
18.49	18.45727136	19.49				
18.5	18.40389416	19.5				
18.51	18.48027958	19.51				
18.52	18.56331007	19.52				
18.53	18.63586414	19.53				
18.54	18.64117941	19.54				
18.55	18.63686314	19.55				
18.56	18.53942116	19.56				
18.57	18.47428857	19.57				
18.58	18.45831253	19.58				
18.59	18.57577268	19.59				
18.6	18.65601598	19.6				
18.61	18.5982009	19.61				
18.62	18.73263368	19.62				
18.63	18.6696562	19.63				
18.64	18.67513702	19.64				
18.65	18.55394605	19.65				
18.66	18.58970515	19.66				
18.67	18.68447329	19.67				
18.68	18.61641791	19.68				
18.69	18.66716642	19.69				
18.7	18.55922039	19.7				
18.71	18.86570145	19.71				
18.72	18.53942116	19.72				
18.73	18.74625375	19.73				
18.74	18.73889166	19.74				
18.75	18.86456772	19.75				
18.76	18.64902646	19.76				
18.77	18.65951073	19.77				
18.78	18.86696562	19.78				
18.79	18.82035928	19.79				
18.8	18.76332835	19.8				
18.81	18.80029955	19.81				
18.82	18.71748879	19.82				
18.83	18.86427146	19.83				
18.84	18.8966034	19.84				
18.85	18.77822178	19.85				
18.86	18.84680639	19.86				
18.87	18.7027972	19.87				
18.88	18.91954023	19.88				
18.89	18.83016983	19.89				
18.9	18.85764236	19.9				
18.91	18.77356608	19.91				
18.92	19.02848576	19.92				
18.93	18.87112887	19.93				
18.94	18.74588118	19.94				
18.95	18.85159363	19.95				
18.96	18.90364453	19.96				
18.97	18.99600599	19.97				
18.98	18.86913087	19.98				
18.99	18.93809286	19.99				
19	18.93759361	20				
19.01	18.97057357	20.01				
19.02	18.94907639	20.02				
19.03	19.00949051	20.03				
19.04	19.00249377	20.04				
19.05	18.95766932	20.05				
19.06	19.12287712	20.06				
19.07	19.02391629	20.07				
19.08	18.95052474	20.08				
19.09	19.30776892	20.09				
19.1	19.10518445	20.1				
19.11	18.98903837	20.11				
19.12	18.92668329	20.12				
19.13	18.92219451	20.13				
19.14	19.07680798	20.14				
19.15	19.21884347	20.15				
19.16	18.94005994	20.16				
19.17	19.24239401	20.17				
19.18	19.01445663	20.18				
19.19	19.29320679	20.19				
19.2	19.14777833	20.2				
19.21	19.36826347	20.21				
19.22	19.08574277	20.22				
19.23	18.97005988	20.23				
19.24	19.22466301	20.24				
19.25	19.18281718	20.25				
19.26	19.23130608	20.26				
19.27	19.30884558	20.27				
19.28	19.20937188	20.28				
19.29	19.36213786	20.29				
19.3	19.19171243	20.3				
19.31	19.38811189	20.31				
19.32	19.29661017	20.32				
19.33	19.39160839	20.33				
19.34	19.48227659	20.34				
19.35	19.37262737	20.35				
19.36	19.19261477	20.36				
19.37	19.22016975	20.37				
19.38	19.23364953	20.38				
19.39	19.36739781	20.39				
19.4	19.46829755	20.4				
19.41	19.33949076	20.41				
19.42	19.34065934	20.42				
19.43	19.2003988	20.43				
19.44	19.40838742	20.44				
19.45	19.32468828	20.45				
19.46	19.51822267	20.46				
19.47	19.3991009	20.47				
19.48	19.42023928	20.48				
19.49	19.63409771	20.49				
19.5	19.47452547	20.5				
19.51	19.61769115	20.51				
19.52	19.56037924	20.52				
19.53	19.500999	20.53				
19.54	19.5558325	20.54				
19.55	19.6895	20.55				
19.56	19.4892661	20.56				
19.57	19.49675487	20.57				
19.58	19.72677323	20.58				
19.59	19.49975062	20.59				
19.6	19.51148851	20.6				
19.61	19.65037406	20.61				
19.62	19.61695761	20.62				
19.63	19.71043435	20.63				
19.64	19.60329341	20.64				
19.65	19.61346633	20.65				
19.66	19.55938124	20.66				
19.67	19.50549451	20.67				
19.68	19.79540918	20.68				
19.69	19.73889166	20.69				
19.7	19.62063809	20.7				
19.71	19.42507493	20.71				
19.72	19.88379052	20.72				
19.73	19.69015492	20.73				
19.74	19.62842893	20.74				
19.75	19.71884347	20.75				
19.76	19.67315369	20.76				
19.77	19.82775836	20.77				
19.78	19.66167665	20.78				
19.79	19.57135729	20.79				
19.8	19.80819181	20.8				
19.81	19.74987519	20.81				
19.82	19.83674488	20.82				
19.83	19.85109562	20.83				
19.84	19.85771343	20.84				
19.85	19.91417166	20.85				
19.86	19.92165669	20.86				
19.87	19.65139442	20.87				
19.88	19.81306082	20.88				
19.89	20.00299252	20.89				
19.9	20.07338992	20.9				
19.91	19.7816092	20.91				
19.92	19.97851074	20.92				
19.93	20.06483791	20.93				
19.94	19.955	20.94				
19.95	19.95491388	20.95				
19.96	19.92530247	20.96				
19.97	20.01209677	20.97				
19.98	19.91391679	20.98				
19.99	19.68170732	20.99				
20	19.37218045	21				
